# Phase 2 라벨 품질 리포트

## 1. z-score 기술통계

- 전체 z-score 계산 건수: **19,869건** (NaN 131건 제외)
- mean=0.0429, std=1.4815
- min=-6.486, p5=-2.091, median=-0.038, p95=2.296, max=10.190

## 2. 클래스 분포

### z=1.0 (|z|≥1.0 → extreme)

총 라벨 건수: **19,869건**

| 클래스 | 건수 | 비율 |
|---|---:|---:|
| extreme_down (0) | 3,648 | 18.4% |
| normal (1) | 12,154 | 61.2% |
| extreme_up (2) | 4,067 | 20.5% |

### z=1.5 (|z|≥1.5 → extreme)

총 라벨 건수: **19,869건**

| 클래스 | 건수 | 비율 |
|---|---:|---:|
| extreme_down (0) | 2,063 | 10.4% |
| normal (1) | 15,417 | 77.6% |
| extreme_up (2) | 2,389 | 12.0% |

## 3. 연도별 라벨 분포 (정규화 검증)

### z=1.0

| 연도 | extreme_down% | normal% | extreme_up% |
|---|---:|---:|---:|
| 2004 | 34.6% | 53.2% | 12.3% |
| 2005 | 15.3% | 69.5% | 15.3% |
| 2006 | 11.3% | 81.0% | 7.8% |
| 2007 | 7.6% | 79.8% | 12.7% |
| 2008 | 17.6% | 45.2% | 37.1% |
| 2009 | 15.0% | 73.7% | 11.3% |
| 2010 | 22.0% | 59.3% | 18.7% |
| 2011 | 17.3% | 64.7% | 18.0% |
| 2012 | 10.9% | 81.9% | 7.1% |
| 2013 | 9.8% | 78.0% | 12.1% |
| 2014 | 13.2% | 73.2% | 13.7% |
| 2015 | 20.2% | 50.2% | 29.6% |
| 2016 | 21.3% | 47.5% | 31.2% |
| 2017 | 27.0% | 58.1% | 14.8% |
| 2018 | 22.5% | 52.6% | 24.9% |
| 2019 | 21.5% | 53.8% | 24.7% |
| 2020 | 30.8% | 50.2% | 19.0% |
| 2021 | 14.6% | 58.7% | 26.7% |
| 2022 | 20.1% | 46.0% | 33.9% |
| 2023 | 24.1% | 52.0% | 23.9% |
| 2024 | 13.2% | 62.0% | 24.8% |
| 2025 | 20.1% | 61.2% | 18.7% |
| 2026 | 26.2% | 37.2% | 36.6% |

### z=1.5

| 연도 | extreme_down% | normal% | extreme_up% |
|---|---:|---:|---:|
| 2004 | 19.4% | 72.5% | 8.1% |
| 2005 | 7.3% | 82.4% | 10.4% |
| 2006 | 3.8% | 90.4% | 5.8% |
| 2007 | 2.2% | 90.4% | 7.5% |
| 2008 | 14.6% | 57.6% | 27.8% |
| 2009 | 10.1% | 86.3% | 3.7% |
| 2010 | 7.6% | 78.8% | 13.6% |
| 2011 | 7.3% | 85.0% | 7.8% |
| 2012 | 4.9% | 89.9% | 5.2% |
| 2013 | 1.3% | 93.5% | 5.2% |
| 2014 | 5.1% | 90.8% | 4.1% |
| 2015 | 13.9% | 69.1% | 17.0% |
| 2016 | 13.6% | 67.8% | 18.6% |
| 2017 | 14.6% | 79.9% | 5.5% |
| 2018 | 15.2% | 68.8% | 16.0% |
| 2019 | 12.7% | 74.0% | 13.2% |
| 2020 | 23.2% | 66.4% | 10.5% |
| 2021 | 7.2% | 77.5% | 15.3% |
| 2022 | 15.3% | 63.8% | 21.0% |
| 2023 | 12.7% | 71.8% | 15.4% |
| 2024 | 8.7% | 75.8% | 15.4% |
| 2025 | 9.3% | 82.0% | 8.6% |
| 2026 | 17.7% | 59.8% | 22.6% |

## 4. 같은 날 발행 기사 동일 라벨 비율 (구조적 한계)

**z=1.0**: 같은 영업일 내 다수 기사 날짜 4,266일 (19,201건) → 최빈 라벨 평균 일치율 **100.0%**

> 이는 구조적 한계이며, 다운스트림에서 일별 집계 시 평균화됨.

**z=1.5**: 같은 영업일 내 다수 기사 날짜 4,266일 (19,201건) → 최빈 라벨 평균 일치율 **100.0%**

> 이는 구조적 한계이며, 다운스트림에서 일별 집계 시 평균화됨.

## 5. 학술적 방어 포인트

- **라벨 정의**: T일 종가 → T+1~T+5 평균 변동의 z-score (시기별 변동성 정규화)
- **방향성 조건 미적용**: extreme 라벨 수 보전 및 '변동 발생 자체'에 관심
- **rolling window=90, min_periods=60**: 초기 31건 NaN 제외 처리
- **FDR 데이터 공백 (2008-07-30 ~ 2008-08-25)**: 11건 영향, 전체의 0.22%로 무시 가능
- **같은 날 기사 동일 라벨**: 위 §4 참조 — 개별 기사 인과 추론이 아닌 집합적 패턴 학습
